"","mese","giorni_sciopero_22","2022","giorni_sciopero_23","2023","giorni_sciopero_24","2024"
"1","01",2,2,2,2,1,1
"2","02",5,7,1,3,2,3
"3","03",3,10,3,6,4,7
"4","04",2,12,2,8,1,8
"5","05",3,15,4,12,7,15
"6","06",0,15,2,14,4,19
"7","07",2,17,6,20,3,22
"8","08",0,17,2,22,0,22
"9","09",2,19,1,23,4,26
"10","10",2,21,2,25,5,31
"11","11",1,22,3,28,7,38
"12","12",2,24,1,29,2,40
